89522
115018
107785
96739
121188
75425
68866
101873
105291
90686
69159
93892
103888
92202
102107
106351
80916
84294
97217
76207
91868
103746
79602
80656
102133
111257
114493
112676
113626
73693
116292
100890
112533
68452
108533
111635
116738
118987
85443
107212
112177
105548
75343
120983
117724
69929
98367
74056
89074
101058
113944
104352
80309
85529
80893
119728
77209
95337
79141
84869
87161
111497
99556
94948
83897
79858
72152
120022
90103
105961
89333
85345
90041
98587
98878
119076
84388
100077
72817
106428
84005
66659
120719
69777
72273
98749
81465
112474
114334
94615
105916
109019
102708
85359
70041
66269
104723
80998
76061
99468
84262
105620
72018
67915
92589
75673
72019
86048
95445
112426
83256
121184
68120
79207
94464
93751
103841
112216
119653
86207
89545
103913
108566
79353
114913
78037
120915
108541
70115
109898
105501
78361
108180
68743
104710
85470
82600
96364
116926
111855
94999
121010
117922
93053
101869
104323
111817
68548
109959
68491
114822
108951
81843
94532
94100
110822
115202
89076
97629
110549
115238
91929
71290
114569
75392
68392
104681
111144
76409
76351
114658
89586
77922
116247
81523
102533
93959
85268
87226
83068
108497
112958
71619
116393
68012
73519
118561
107927
65334
88976
71158
66985
109234
82950
84177
120858
80459
110376
118384
70582
65274
79384
81723
83656
118346
99770
74118
108242
100934
71990
105856
104491
113277
119018
99519
92655
106501
78658
65423
104533
111889
106326
72824
88840
73931
101688
119829
117524
108392
100514
103071
110900
112206
107597
121004
88515
69208
85550
82403
120184
99653
81266
96961
79471
102839
87380
111499
101769
94560
72046
74125
103963
89412
115024
71552
99554
101648
97658
106515
109064
112723
111779
106495
116694
92555
73297
114744
68298
81572
91343
89703
104175
97810
88523
84590
112287
93826
117454
73911
69911
70845
98343
91645
113119
103786
107591
88920
103431
91469
66877
106380
103607
115759
113439
92138
116026
117047
70005
99586
113618
106080
93093
105989
75365
106537
79344
71786
96916
101518
84279
99426
72960
103248
111990
106820
94939
116952
100585
76868
115548
121117
83765
117998
99665
97353
89367
82953
105327
70206
79323
111924
106827
76959
115891
94798
117967
105084
95751
106745
70999
74524
75667
88200
85847
117474
112739
65321
112678
112818
86089
113395
74383
103659
87947
66211
84858
102955
70992
89716
111468
119580
70800
106998
108266
91478
109379
113218
103976
86372
117393
102514
92449
73258
120468
91237
66183
99431
84374
114960
82961
111390
65771
82630
91989
80880
77233
114923
74002
71216
102187
120597
85447
97900
111677
72377
94709
105049
72020
71240
119681
107513
103444
81913
95478
102149
78633
114503
67000
65941
90965
78867
99023
79010
106636
104019
96410
111663
103363
67683
78777
106711
112447
113787
87567
121227
111810
67012
68073
76493
113788
115284
65503
74000
80857
81763
76044
83571
120138
93557
72613
102033
106659
89226
97193
117367
89032
119091
94461
65849
94406
93890
65591
104903
88498
92059
92422
78584
114902
101333
85964
95602
114565
114800
94543
104012
84144
72347
111756
109304
104493
115623
99744
96775
74684
97805
95331
77498
88962
68532
116672
87230
81690
116448
110083
83538
90027
88735
111726
99511
111988
73284
68843
72264
78200
112619
73265
87743
114378
115244
97918